[[  1.15705773e-02   9.66148877e-02  -3.31933186e-15 ...,   0.00000000e+00
    0.00000000e+00   0.00000000e+00]]
[[  1.03149281e-02   2.56775668e-02  -6.55817920e-16 ...,   0.00000000e+00
    0.00000000e+00   0.00000000e+00]]
[[  4.45425736e-03   3.62591426e-02  -1.19356958e-15 ...,   0.00000000e+00
    0.00000000e+00   0.00000000e+00]]
[[  1.80052113e-04   1.16846928e-03  -3.73384327e-17 ...,   0.00000000e+00
    0.00000000e+00   0.00000000e+00]]
[[  3.32724203e-02   3.49453966e-02  -3.96036031e-16 ...,   0.00000000e+00
    0.00000000e+00   0.00000000e+00]]
[[  5.33297278e-02   5.36929679e-02  -5.44189455e-16 ...,   0.00000000e+00
    0.00000000e+00   0.00000000e+00]]
[[  6.93803654e-03   3.31982167e-02  -1.09639441e-15 ...,   0.00000000e+00
    0.00000000e+00   0.00000000e+00]]
[[  2.60876149e-04   8.55691245e-04  -2.70423063e-17 ...,   0.00000000e+00
    0.00000000e+00   0.00000000e+00]]
[[  1.34166858e-03   4.75370826e-03  -1.45416481e-16 ...,   0.00000000e+00
    0.00000000e+00   0.00000000e+00]]
[[  1.67565251e-01   1.37568957e-01  -5.66346497e-16 ...,   0.00000000e+00
    0.00000000e+00   0.00000000e+00]]
[[  1.03147456e-03   2.04387945e-03  -4.65680938e-17 ...,   0.00000000e+00
    0.00000000e+00   0.00000000e+00]]
[[  3.41420693e-03   2.81047981e-02  -9.27946074e-16 ...,   0.00000000e+00
    0.00000000e+00   0.00000000e+00]]
[[  4.51794353e-04   1.08259292e-03  -2.77160701e-17 ...,   0.00000000e+00
    0.00000000e+00   0.00000000e+00]]
[[  3.30509011e-03   5.93683761e-03  -1.27131712e-16 ...,   0.00000000e+00
    0.00000000e+00   0.00000000e+00]]
[[  1.93118285e-03   1.34509683e-02  -4.41043746e-16 ...,   0.00000000e+00
    0.00000000e+00   0.00000000e+00]]
[[  6.43659011e-04   5.32698254e-03  -1.83247439e-16 ...,   0.00000000e+00
    0.00000000e+00   0.00000000e+00]]
[[  2.28193774e-02   1.81146056e-01  -6.07926132e-15 ...,   0.00000000e+00
    0.00000000e+00   0.00000000e+00]]
[[  1.37659915e-03   1.14543793e-02  -3.82198387e-16 ...,   0.00000000e+00
    0.00000000e+00   0.00000000e+00]]
[[  1.68709541e-05   6.85595031e-03  -6.88109497e-16 ...,  -0.00000000e+00
   -0.00000000e+00  -0.00000000e+00]]
[[  4.62202532e-03   3.54789057e-02  -1.16866015e-15 ...,   0.00000000e+00
    0.00000000e+00   0.00000000e+00]]
[[  5.65920463e-04   8.13565845e-04  -1.64667650e-17 ...,   0.00000000e+00
    0.00000000e+00   0.00000000e+00]]
[[  5.44617217e-05   4.49306960e-04  -1.47720005e-17 ...,   0.00000000e+00
    0.00000000e+00   0.00000000e+00]]
[[  2.89649440e-04   6.15152835e-04  -1.47628091e-17 ...,   0.00000000e+00
    0.00000000e+00   0.00000000e+00]]
[[  4.24443467e-03   3.35716870e-02  -1.14694677e-15 ...,   0.00000000e+00
    0.00000000e+00   0.00000000e+00]]
[[  1.04106206e-04   2.80496247e-04  -7.38837409e-18 ...,   0.00000000e+00
    0.00000000e+00   0.00000000e+00]]
[[  1.78721584e-03   2.40549933e-03  -4.26273706e-17 ...,   0.00000000e+00
    0.00000000e+00   0.00000000e+00]]
[[  4.49915902e-04   2.88844017e-03  -9.21917622e-17 ...,   0.00000000e+00
    0.00000000e+00   0.00000000e+00]]
[[  4.11145293e-03   3.43057553e-02  -1.15175949e-15 ...,   0.00000000e+00
    0.00000000e+00   0.00000000e+00]]
[[  1.43064520e-04   3.23547263e-04  -8.08164427e-18 ...,   0.00000000e+00
    0.00000000e+00   0.00000000e+00]]
[[  2.53677326e-04   2.17829640e-03  -7.38981645e-17 ...,   0.00000000e+00
    0.00000000e+00   0.00000000e+00]]
[[  1.10527269e-02   2.60353968e-02  -6.76121839e-16 ...,   0.00000000e+00
    0.00000000e+00   0.00000000e+00]]
[[  1.07383049e-02   5.56052480e-02  -1.84355539e-15 ...,   0.00000000e+00
    0.00000000e+00   0.00000000e+00]]
[[  7.02526269e-03   5.71714736e-02  -1.88047877e-15 ...,   0.00000000e+00
    0.00000000e+00   0.00000000e+00]]
[[  1.22118911e-03   1.79636151e-03  -3.28134697e-17 ...,   0.00000000e+00
    0.00000000e+00   0.00000000e+00]]
[[  5.16749302e-03   5.71259717e-03  -7.14022720e-17 ...,   0.00000000e+00
    0.00000000e+00   0.00000000e+00]]
[[  6.46620797e-04   1.55463191e-03  -4.18961033e-17 ...,   0.00000000e+00
    0.00000000e+00   0.00000000e+00]]
[[  2.02820900e-04   1.83198621e-02  -2.14170973e-15 ...,  -0.00000000e+00
   -0.00000000e+00  -0.00000000e+00]]
[[  2.60084277e-03   4.46144766e-03  -9.37387103e-17 ...,   0.00000000e+00
    0.00000000e+00   0.00000000e+00]]
[[  1.57851560e-05   3.25564420e-05  -7.59665935e-19 ...,   0.00000000e+00
    0.00000000e+00   0.00000000e+00]]
[[ 0.  0.  0. ...,  0.  0.  0.]]
[[ 0.  0.  0. ...,  0.  0.  0.]]
