[  3.91533851e+02   3.39712114e+02   2.30328697e+02   1.57829524e+02
   1.45654184e+02   1.42574530e+02   1.38592908e+02   1.34119605e+02
   1.29570355e+02   1.27795443e+02   1.06123599e+02   9.90306220e+01
   8.86867137e+01   7.68279864e+01   7.44955809e+01   7.08232831e+01
   6.93736615e+01   6.73362950e+01   6.60743680e+01   6.42634395e+01
   6.11572918e+01   5.86918871e+01   5.18872266e+01   4.91979344e+01
   4.83291107e+01   4.72488579e+01   4.61931794e+01   4.22130967e+01
   3.86147206e+01   3.54339275e+01   3.47166716e+01   3.26777259e+01
   3.14189274e+01   3.02439066e+01   2.47309257e+01   2.26148130e+01
   2.04969192e+01   1.60303161e+01   7.55732731e+00   2.65029527e-14
   2.65029527e-14]