0.000754318592051 0.1309528258 0.0416761835497
0.000190188217931 0.0275028879631 0.0188221868727
0.000469165383835 0.0954868437399 0.0509733327051
0.00155990292126 0.289647342597 0.127472209673
0.000805648009006 0.0911168565867 0.00391810797588
8.66561851287e-05 0.0130922454365 0.0041872574151
0.000907777980705 0.114850836227 0.0201733505291
0.000360175625829 -0.033007530369 0.00645339763699
0.000148210005779 0.0198009283364 0.0119756741616
2.15590571717e-05 0.00389783985021 0.00195037350821
0.000189170520869 0.0256310306727 0.01543865418
0.000119339836742 0.0198189108541 0.0148944839949
1.03916771445e-05 0.00214532399414 0.000916455812717
0.000594990889156 0.0487263488021 0.0157928255663
0.000131833183392 0.0140812695062 0.00853189497177
0.00166921761005 0.0998793651638 0.0324369486239
1.04467129419e-05 0.00244544995962 0.00156034015059
0.000136337888073 0.0101083045899 -0.0073998146821
0.000131315373366 0.0149847502791 0.00679231141958
8.11885979287e-05 0.0123114059481 0.00969753786403
1.8112233904e-05 0.00175137941967 0.000567125653894
0.000369297700229 0.0362660869171 0.0205621867934
0.000822690529499 0.144090226431 0.0479211552462
0.000138185634227 0.0184796787087 -0.00167578558796
0.000240258179559 0.0146924353654 0.012078838205
0.000319713824425 0.0312461808573 0.0195857084269
0.000173406047168 0.01973754457 0.00856595459238
9.11293597391e-05 0.0213960288112 0.0133505668499
8.27532109941e-06 0.00187575004101 0.00109960088629
0.000213989070647 0.0233301866088 0.0165757587457
0.000363103733043 0.0288135960857 0.02243517109
0.000397452005584 -0.0547871998185 0.00353749308563
8.92811872858e-05 0.0110199439202 0.00614859014585
0.000190169413665 0.0211035135581 0.00525054805581
5.71224886858e-05 0.00521255554617 0.00355670919622
0.000110199062684 0.0108555278627 0.00464191692123
0.000162076431895 0.0239340351671 0.00719013478719
0.000183559495487 0.0103283828807 0.0102450479021
5.83493163216e-05 -0.0047371637868 0.0004803876087
0.000275718724538 0.036162150757 0.000204348145189
0.000176629294457 0.0178253363017 0.0118806607184
0.000434651561301 0.0422379712482 0.013451627459
0.000139317331462 -0.0214758801311 -0.000538795350799
4.98413847056e-05 0.00609181634516 0.00264676348494
0.000146804812207 0.0110596455034 0.00911782809712
0.000301070669616 0.0377995186035 0.0179499897631
7.09161607102e-05 0.00618683476056 0.0017792646534
3.19831145093e-06 -0.000257340880087 2.81938167732e-05
3.17494073388e-05 0.00299955058628 0.00224812995262
2.81132543866e-05 0.0058636555773 -0.00488185626879
4.44608273318e-05 0.00306939598396 0.0026151644395
0.00016990320418 0.0087152175091 0.00925616730838
3.88194199189e-05 0.00352033288585 0.00227190516307
7.41697376119e-05 -0.00965240270422 0.00140300401948
3.05358911483e-05 0.00560560807863 0.00313339808087
5.13459124331e-05 0.00234290302898 -0.00918263168799
0.000295433786007 -0.00466369254079 0.00845469974354
3.61742091715e-05 0.00561907365658 9.14571085854e-05
0.000116661736977 0.0217204015517 0.0119722436565
0.00036291749337 -0.0844962856227 -0.00848604879548
3.54168264871e-06 0.000757181305829 0.000409108171319
0.000551325058756 -0.206116970866 -0.0313625039217
8.45015140387e-05 0.00206846452636 0.00326081651854
3.06012721958e-05 0.00587095304244 0.00312255254227
4.85420957021e-05 0.00229981228518 0.00221549567601
0.000990653633263 -0.323313774252 -0.0449196101565
0.000192978961785 0.0191666898498 0.0128274314096
1.01581831631e-05 0.00109820058025 0.000751160754521
0.000178399431507 0.0178885997741 0.00437427268215
0.000400035407659 0.0210766379783 0.0101330396336
1.61326188569e-05 0.000408334104306 0.000677131487669
1.00466595385e-05 -2.24124255668e-05 0.000340340474035
1.21719186367e-06 8.61493059745e-05 6.73582027269e-05
1.0511968553e-05 0.00182201359849 0.000531279842769
0.00122665290088 0.121391728001 -0.00756500574661
0.000143245897457 0.0144477084626 0.00805180516384
4.14114707164e-05 0.00288947164386 0.00244571655003
5.54669993272e-05 0.00595270400725 0.00379152946055
0.000291040855816 -0.0375114598467 -0.0578971119647
0.00183503067746 -0.460274621161 -0.0644436430325
0.000102920233263 -0.00105292360825 0.00312322710645
1.25184445644e-05 0.00240702912134 0.00104847786384
0.000139787829173 0.0110466320721 0.00913085808975
0.000306018588141 0.0312701695279 0.0173536130945
2.30689938499e-05 0.00301363163109 -0.00682446130378
4.34572014403e-06 0.000866751576532 0.000581632658036
0.000274426620851 -0.0322159433889 -0.029625221116
0.000278838169737 0.0286513245187 0.00283918615692
7.76694664083e-06 0.0015948076813 0.00100844326075
1.56394329702e-05 0.00234438533433 0.00177688531889
0.000432259294558 0.0283940291195 0.0214682374851
2.94538580213e-05 0.00250708768546 0.00212158082107
2.33185389375e-05 0.0023568840281 0.00169612917575
1.32955279048e-05 0.0015277736546 0.000645738588496
1.58695572246e-05 -0.00114791927047 0.000207769522159
1.03171459738e-05 -0.000528970882402 0.000161064355263
1.36967347696e-05 0.0013292026967 0.000873264969857
3.96535531443e-05 -0.0108287412178 -0.00139650429101
9.14152670984e-06 -0.000663698102848 0.000138670306648
3.05594094434e-05 0.00526899904773 0.00204216085794
0.000105405927689 0.0143329248821 -0.00601905750876
-1.14349447879e-20 -8.89045781438e-18 -4.06575814682e-18
1.39390624548e-05 0.000874425545343 0.000822632992604
0.00016271625577 -0.0564387930193 -0.00974661262668
6.85720163279e-06 2.84399032504e-05 0.000129482253027
9.12550601136e-06 0.000982668586395 0.000303178188547
0.000342765116806 0.0295843294336 0.0233756108833
8.59016488253e-07 7.92330303651e-05 2.66313249382e-05
1.53181204712e-05 0.00111629725111 0.000686081107875
2.26704792944e-05 0.00197390645141 0.0016808822689
9.60684112281e-06 0.000945726855757 0.000661060411771
1.42974721372e-06 0.000296978829158 0.000112584814627
7.49050787295e-06 0.000636610759711 0.000691798648859
4.30731512191e-05 0.00453946622615 0.00305044299955
0.000220742444702 0.0145121108773 0.0118062673261
0.00118253054699 0.19660399991 0.109853624354
7.53507776238e-06 0.000424240070161 -0.000566571723065
0.000228606625626 0.0269699478213 0.0160877052004
0.000175471463551 -0.013949773312 0.00129724810871
2.73845797514e-05 -0.000907579891779 0.00038039239698
5.0561414608e-05 0.0110587300645 -0.0308696495959
0.000863909504354 0.151894253679 0.0845358496892
4.00089948429e-06 0.000767046489499 0.000508349866727
2.43222827083e-05 0.00532826818188 0.00351955044329
7.85296455803e-05 0.0103501770964 -0.00134791653938
0.000124554339044 -0.00512708415152 0.000958574405461
2.27165314623e-05 0.00305430070185 0.00217987068671
6.83414190529e-05 0.0086469299862 0.00208883360298
2.68823474321e-05 0.00330321598674 0.00126514052845
7.3016622411e-06 0.000608210226362 4.92150887496e-05
0.000332500820238 0.0343675585688 0.0123023708187
3.00520432065e-06 0.000921715874437 0.000523743323184
3.14897045619e-05 0.00428267414773 0.00280724500554
1.13279247506e-05 0.00217922101232 0.00141849883847
1.04776859742e-05 0.00073253629831 0.000314597592227
1.8443868669e-06 0.000342995084512 0.000289684625271
0.000491423162456 -0.110910551246 -0.0128663011487
3.83736629428e-05 0.00273552441525 0.00121119842372
0.000159894505819 0.0167331191201 0.00870590337741
0.000879594429322 -0.0175508644245 -0.0486987294751
6.04159585957e-05 0.0078950890833 0.00180536394324
3.19652013835e-05 0.0020356804049 0.00198349209911
2.36038314603e-05 -0.00551788114626 -0.000419471029553
5.45333540028e-05 0.00667094137786 0.00375193254
3.55211368189e-06 0.000879595980489 0.000213813696855
4.47396934217e-05 0.00529833895309 0.0036278843373
0.000299332949845 0.0116151335866 0.00982015060498
2.62905634792e-06 0.000203801870979 4.95779691139e-05
3.92518938441e-05 0.00342579994873 0.000713715667931
2.37735600758e-05 0.0028990937808 0.00142056959029
2.33485835008e-06 0.000612755267758 0.000335025180753
2.33485835008e-06 0.000612755267758 0.000335025180753
9.73181862758e-05 0.0306812606781 -0.13494909948
1.65327792637e-05 0.00505286115719 -0.0207305470476
0.000149968603226 0.0343971309135 -0.0976954985735
0.000272877993272 0.0485215161913 -0.224892214167
6.04160646622e-05 -0.00985926803199 -1.82187590133e-05
8.0789664147e-06 0.000852383832745 0.000708063303492
7.24377506185e-06 0.000437076056088 -0.000250300242118
1.09296455923e-05 0.00232702079821 0.00151957295727
3.72872176264e-05 0.00486109959888 0.00310284605042
4.23564775883e-06 0.000458105275541 0.000216830638369
1.96774281469e-06 0.000414651756992 0.000270381449807
1.18153639674e-06 0.000233226198297 0.000130443445054
5.70405726162e-06 0.000893889809433 0.000502079681532
2.9397271723e-06 0.000503369435968 0.000414809304961
3.36793868381e-05 0.00744558968682 0.0046642424307
1.22909436375e-06 0.000243141516326 0.000170778542936
0.000141515785862 -0.0304946735165 -0.003646214359
1.23210985898e-06 0.000492294730092 0.000267073683383
1.97977378687e-05 0.00368147069056 0.00227661494796
0.000110199062684 0.0108555278627 0.00464191692123
0.000141862320042 0.0251088666292 0.00670168023598
2.73614532477e-06 0.000293249872445 0.000274860793961
7.90176892806e-05 0.0102713631449 0.00841974663323
2.05289886687e-05 0.00254171396708 0.00127669950844
2.21683555187e-05 0.00353360268724 0.00164678657682
0.000448357119875 0.0430080772176 0.0274845038719
1.49809065138e-06 0.000225553584115 0.000117468827142
0.000123109203456 0.0147584708409 0.0100132676177
0.000166981809463 0.00951347395963 0.00890378678638
5.76491386371e-06 0.000651420568343 0.000494697693361
1.00215102925e-05 0.00116029990533 0.00107163022572
5.54369050869e-06 0.00145698430756 0.000949778411677
1.29450550309e-05 0.00189295366996 0.000911447634468
4.69661026979e-07 0.000177319910848 0.000107010268022
1.86890003365e-05 0.00280675565523 0.00182800363255
3.43769242854e-06 0.000875922219678 0.000439395143208
6.86779640774e-06 0.00131877876109 0.000700675184575
1.20755900606e-05 0.00293051738748 0.00149815121094
8.34578136881e-05 0.01151903824 0.00452659550517
0.000136858888386 0.0211103497397 0.0151137474813
3.18043439206e-07 5.02523189758e-05 3.49326956457e-05
9.54130317619e-07 0.000150756956927 0.000104798086937
3.18043439206e-07 5.02523189759e-05 3.49326956457e-05
3.18043439206e-07 5.02523189758e-05 3.49326956457e-05
1.68533233644e-05 0.00129109616246 0.00106691824626
5.1316745434e-05 0.00458277070626 0.00377870751488
1.55886221433e-05 0.00116222662782 0.000147116127319
5.68265317926e-05 0.00731392496213 0.00344783910758
8.32979877782e-05 -0.0162007741031 -0.000230478031563
1.92851430015e-05 -0.00596321368005 -0.000707472768801
1.04776469093e-05 0.000232984897632 0.000285410796423
9.05944373497e-05 0.0125464867375 0.00446052829196
1.49971115099e-05 -0.00107372291754 0.000384187867812
0.000609495062965 -0.0133138256423 0.0168951692489
1.29388442763e-05 -0.000629070735948 0.000200506028648
2.0085727651e-05 -0.000368194742524 0.00048065699405
1.18955559288e-05 0.00134148273697 0.00106408292298
5.96408275405e-06 0.000501657370464 0.000375043076275
0.000134428532943 -0.00748740491079 0.00217223665802
1.05432630773e-05 0.00206853526302 0.00121233160605
1.51472525363e-05 0.00133858379953 0.000646099500263
3.36270661838e-05 0.00385726587879 0.00170754600957
0.000119110477651 0.0143326830272 0.000550187493597
1.92449688862e-05 0.00287752307559 0.00144238178736
5.82612039616e-05 0.00196854293537 0.00298705596006
0.000263532734824 0.0326146471627 0.00523703686541
3.19831145093e-06 -0.000257340880087 2.81938167732e-05
3.19831145093e-06 -0.000257340880087 2.81938167732e-05
8.18529623554e-05 0.00566148053392 0.00440092417517
3.41307040928e-05 -0.00240885667664 0.000409495993747
9.63790136522e-05 -6.85571014506e-05 0.00261909698006
3.19831145093e-06 -0.000257340880087 2.81938167732e-05
3.19831145093e-06 -0.000257340880087 2.81938167732e-05
2.64855663687e-05 -0.000310457074031 0.000781317677964
2.85442681355e-05 0.00576512454913 -0.00500907527278
5.55241125086e-06 -0.00061894838807 4.67051668964e-05
9.14152670984e-06 -0.000663698102848 0.000138670306648
9.14152670984e-06 -0.000663698102848 0.000138670306648
0.00119724916667 -0.205324330893 -0.0794714230792
-1.262608487e-20 -1.22565667468e-18 7.09813609799e-19
0.00013285855735 -0.000457225562079 0.00415490236431
0.000102204766488 -0.0145966269998 0.000253614691612
1.97756094972e-05 0.00335395414922 0.00201469949344
8.67379402968e-05 0.0072799567124 0.00460566765894
0.000161694491798 0.0246976930527 0.0107935034504
0.000690475015559 0.214201779273 -0.904910429081
1.15922944451e-06 0.000117303608979 7.20372396799e-05
1.01209928478e-05 0.00135443686281 0.0010241166543
4.83310858974e-06 0.000629306855903 -0.000366134740257
-1.08526096367e-21 1.88888347238e-19 1.50687161317e-18
-6.92184736584e-21 -1.91005929606e-19 -7.96210970419e-20
2.12321513454e-05 0.00237770221612 0.000888998801033
0.999981839278 -0.00026051428131 0.000367421108411
-4.6322114303e-22 -6.75085258962e-19 -1.41454502191e-19
1.1428669388e-05 4.73998387505e-05 0.000215803755045
4.57146775519e-06 1.89599355002e-05 8.6321502018e-05
1.11107035607e-05 0.0010406440778 0.000875014295089
9.54114898198e-07 2.65405293216e-05 4.50900156967e-05
9.54114898198e-06 0.000265405293216 0.000450900156967
1.9082297964e-06 5.30810586433e-05 9.01800313935e-05
1.81281830658e-05 0.000504270057111 0.000856710298238
1.8399383391e-06 0.000468805625033 0.000178759079298
3.67987667821e-06 0.000937611250065 0.000357518158597
3.08993022668e-06 0.000609666592761 0.000435045941495
3.54751633177e-06 0.000259289632254 0.00016520981372
1.71803297651e-06 0.00015846606073 5.32626498764e-05
2.49093666145e-06 0.000587973005731 0.000414876919488
1.2246531742e-05 0.00218323174578 0.00171736519287
9.9637466458e-06 0.00235189202293 0.00165950767795
1.49456199687e-05 0.00352783803439 0.00248926151693
8.17445429652e-07 0.000348773356483 0.000167368227623
5.95036277606e-05 0.00700396636464 0.00513160190892
8.17445429652e-07 0.000348773356483 0.000167368227623
5.79329008529e-06 0.000862703095647 0.00041364651905
1.28660306803e-05 0.00163499395447 0.0012113184124
1.33995782558e-05 0.00112378095 0.000905241478014
6.77111972517e-06 0.000378974537097 0.000203688511783
7.09161607102e-05 0.00618683476056 0.0017792646534
2.58452182736e-06 0.000220584197958 0.000240203215635
-1.44260298829e-21 -1.926999955e-19 -8.13151629364e-20
2.17276653065e-06 5.78253534033e-05 9.17234626697e-05
1.08638326532e-06 2.89126767016e-05 4.58617313349e-05
3.25914979597e-06 8.6738030105e-05 0.000137585194005
5.43191632662e-06 0.000144563383508 0.000229308656674
1.68542333943e-06 0.000826918281825 0.000456672215208
1.68542333943e-06 0.000826918281825 0.000456672215208
4.10386499032e-05 0.00307484711425 0.00234759479933
4.93005969963e-05 0.0021283201347 0.00252095214303
8.59029236689e-06 0.00071868477401 -0.000419906053392
1.51907687038e-05 0.00358715810603 0.00213975786923
2.92280407044e-05 0.00550882901128 0.00312223910166
9.63096604047e-07 0.000288495573816 0.000162001917738
1.92619320809e-06 0.000576991147633 0.000324003835475
4.81548302024e-07 0.000144247786908 8.10009588688e-05
3.57873263272e-06 0.00032247994973 0.000308812260212
5.22843844267e-06 0.000118474592054 0.000250358871245
0.000120907196122 0.0147422121784 0.00471627836211
2.152118401e-06 0.00122083063944 0.000759808142922
2.66149943375e-05 0.00422864519907 0.00251799432016
5.3802960025e-07 0.00030520765986 0.00018995203573
9.69462417887e-06 0.00227914066186 0.00160884534356
8.81329470807e-07 0.000207194605623 0.000146258667596
-6.68361934943e-22 -1.25784392667e-19 -1.16890546721e-19
3.56680280133e-21 6.76779324856e-19 2.85450103225e-19
0.0 0.0 0.0
-2.48733210195e-21 -6.36333501625e-20 -7.04096137405e-21
0.0 0.0 0.0
3.8938412309e-06 -7.23338607595e-05 0.000142210838968
2.03906015017e-05 -0.00070192576478 0.000547044250496
3.8938412309e-06 -7.23338607595e-05 0.000142210838968
0.000182332970557 -0.0495291103387 -0.00568382193726
3.63536971333e-05 -0.00297444940023 0.000268060132032
6.46194293678e-06 -0.000661685438171 -3.95512713722e-07
0.000292126085353 -0.120148009816 -0.0197098937848
6.46194293678e-06 -0.000661685438171 -3.95512713722e-07
3.76318048012e-06 0.00143873922638 -0.00692598999707
9.4079512003e-07 0.000359684806595 -0.00173149749927
1.88159024006e-06 0.00071936961319 -0.00346299499853
2.82238536009e-06 0.00107905441978 -0.0051944924978
4.00089948429e-06 0.000767046489499 0.000508349866727
6.79938095577e-05 0.0091624559505 0.00619112533285
2.22038988692e-06 0.000154249342647 0.000127414239925
9.04667518951e-06 0.00160764731074 0.00115793757619
6.79387303877e-05 -0.00279659135538 0.000522858766615
5.75344088952e-05 -0.000414297846931 0.00101892313887
3.39693651939e-05 -0.00139829567769 0.000261429383308
3.39693651939e-05 -0.00139829567769 0.000261429383308
4.52924869252e-05 -0.00186439423692 0.000348572511077
5.66156086565e-05 -0.00233049279615 0.000435715638846
9.02478938351e-05 -0.00196694182339 0.0015223397645
4.52924869252e-05 -0.00186439423692 0.000348572511077
2.55038108587e-06 0.000523142490026 0.000135292875936
5.10076217174e-06 0.00104628498005 0.000270585751872
2.55038108587e-06 0.000523142490026 0.000135292875936
1.82516197627e-06 0.00117659208304 0.000699244661384
2.26793137553e-05 0.00174036299672 0.000518474327428
6.52136817526e-06 0.000405845068134 0.00016488937729
3.07049627347e-06 0.000503973656508 0.000349036916365
7.67624068367e-06 0.00125993414127 0.000872592290913
1.48931400673e-05 0.00152649817164 0.000951988263656
3.73632875955e-06 0.000673163886071 0.000465883311876
4.6057444102e-06 0.000755960484761 0.000523555374548
3.07049627347e-06 0.000503973656508 0.000349036916365
2.78219206269e-06 0.000535527790093 0.000300094809376
6.86779977667e-06 0.000917218964883 0.000632056215123
3.25490180796e-06 0.000339390196998 0.000150764663513
1.80307549761e-05 -0.00531206603239 -0.000571725670836
2.33631621669e-06 0.000290701031836 0.000139461670768
4.67263243337e-06 0.000581402063673 0.000278923341535
2.47883671453e-05 0.00164044881555 0.0013491660095
3.27556359263e-06 0.000313466255182 0.000191394880185
2.46831934485e-05 0.0028733038138 0.00231440295964
1.23415967242e-05 0.0014366519069 0.00115720147982
6.12317443804e-07 0.000135260950267 0.000101269765423
4.10486327755e-05 0.00303512760558 0.000918107817587
3.06158721902e-07 6.76304751336e-05 5.06348827114e-05
1.00987945824e-05 0.00164387330431 0.000822917575637
6.46709021197e-05 -0.00491160505051 0.0011842139949
0.0 0.0 0.0
0.000125078372641 0.0118997912451 0.0103072087968
2.43438372734e-06 0.000172298611949 0.000134716405454
9.77943774336e-07 0.000232208752129 8.91223062888e-05
1.4669156615e-06 0.000348313128194 0.000133683459433
1.4669156615e-06 0.000348313128194 0.000133683459433
3.00216379824e-06 0.000600299956448 0.000308201917616
3.99779155049e-07 -4.4507743332e-06 6.21539731324e-07
2.37194998882e-06 0.00012313933505 0.000117670609555
3.99779155049e-07 -4.4507743332e-06 6.21539731324e-07
3.99779155049e-07 -4.4507743332e-06 6.21539731324e-07
1.73888289449e-06 0.000442279966109 0.000215575442221
3.95066032032e-05 0.00804321733384 0.00442359965327
8.82800638483e-06 0.000173682797008 -0.00016485573152
1.47133439747e-05 0.000289471328346 -0.000274759552534
5.88533758988e-06 0.000115788531338 -0.000109903821014
8.82800638483e-06 0.000173682797008 -0.00016485573152
1.76560127697e-05 0.000347365594015 -0.000329711463041
1.8443868669e-06 0.000342995084512 0.000289684625271
1.09087806709e-06 0.000212745513368 0.000178966792083
0.000781413895337 0.0899687611534 0.0497713087731
0.000358735432015 0.0388717906118 0.014161034385
7.70306477726e-06 0.0015751681723 0.000998444096094
2.10740548429e-06 0.000168115739264 0.000121664044801
7.39915474686e-05 0.000711348019511 0.0024441496332
0.000117542322981 0.00726183980509 0.00620783371155
0.000705603504058 0.0836893895556 0.0302374705119
2.10740548429e-06 0.000168115739264 0.000121664044801
1.77152737825e-05 0.000298949487282 0.000601052709168
6.91013981138e-05 -0.0165855292659 -0.00144318535614
3.07077517858e-05 0.00234648433859 0.00167581086775
1.70630593918e-05 0.00230860049901 0.00126815701935
3.22207144591e-06 0.000296177363388 -1.84941159857e-07
5.69212365711e-06 0.000523499075448 2.63539131984e-05
8.50102714503e-07 4.25623660299e-05 6.0498641861e-05
8.50102714503e-07 4.25623660299e-05 6.0498641861e-05
1.06560441288e-05 0.00073708406135 0.000378422908256
0.0 0.0 0.0
0.0 0.0 0.0
0.0 0.0 0.0
0.0 0.0 0.0
0.0 0.0 0.0
2.05589055378e-05 -0.00725451825173 -0.0009908702212
3.05569702158e-06 0.000346810833558 0.000267276215139
5.90056247586e-07 0.000326550602186 0.000193127539121
2.95028123793e-06 0.00163275301093 0.000965637695603
2.36022499034e-06 0.00130620240874 0.000772510156483
5.20008927348e-05 0.00578080788307 -0.00570206694623
0.0 0.0 0.0
0.0 0.0 0.0
0.0 0.0 0.0
0.0 0.0 0.0
0.0 0.0 0.0
1.584350174e-06 0.000311909740489 0.000229404581474
3.96087543499e-06 0.000779774351223 0.000573511453685
1.0516725879e-05 0.000460788571769 0.000172715697522
1.0516725879e-05 0.000460788571769 0.000172715697522
1.0516725879e-05 0.000460788571769 0.000172715697522
5.19133541211e-06 0.000867594614705 -2.46008748671e-05
2.36604905665e-06 0.000366435917296 -0.000137331680088
1.18302452832e-06 0.000183217958648 -6.86658400441e-05
1.02548371037e-06 0.000232057598882 0.00014739563631
2.05096742073e-06 0.000464115197764 0.000294791272619
1.02548371037e-06 0.000232057598882 0.00014739563631
7.81733516755e-07 5.11690330461e-05 4.89628151288e-05
1.56346703351e-06 0.000102338066092 9.79256302577e-05
7.81733516755e-07 5.11690330461e-05 4.89628151288e-05
1.56346703351e-06 0.000102338066092 9.79256302577e-05
8.41209246955e-07 0.000275962482161 0.000144668582505
8.41209246955e-07 0.000275962482161 0.000144668582505
2.52362774086e-06 0.000827887446482 0.000434005747514
9.27939072357e-05 0.00978615392927 0.00581229706086
1.83738908579e-05 0.00146638108054 0.0005753928635
0.0 0.0 0.0
1.29062182013e-05 0.000423127351259 0.000653861961495
0.000185678928434 -0.00331941496287 0.00458375316952
1.45054670616e-05 -0.000470383324286 0.000338815797677
1.45054670616e-05 -0.000470383324286 0.000338815797677
0.000119584690205 0.0105148052203 -0.00479300649478
5.94811402323e-05 -0.000806303541579 0.0017989305571
5.80218682464e-05 -0.00188153329714 0.00135526319071
0.00034141645712 -0.00765324542314 0.00851552876201
2.90109341232e-05 -0.000940766648572 0.000677631595353
0.000188571071801 -0.00611498321572 0.0044046053698
2.90109341232e-05 -0.000940766648572 0.000677631595353
1.45054670616e-05 -0.000470383324286 0.000338815797677
0.000172022046806 -0.00373098929261 0.00497321560931
0.000256981528709 0.0342957869591 0.020634409126
1.61399252334e-06 8.25142307983e-05 4.59217191987e-05
1.61399252334e-06 8.25142307983e-05 4.59217191987e-05
4.80934457112e-06 0.000633375178299 0.000156731554415
0.0 0.0 0.0
0.0 0.0 0.0
0.000186238312711 0.0202232319989 0.00471326182161
0.0 0.0 0.0
0.000492811128764 0.0591260046095 0.0119501494147
1.12400864638e-05 0.000993750044877 0.000455224776363
0.0 0.0 0.0
0.000337548605448 -0.121457242232 -0.0190828024444
2.88546628881e-05 0.00441858411523 0.0028690804847
0.0 0.0 0.0
3.48825380868e-06 0.00123893669377 0.000755116006492
4.83463255864e-06 0.000747443951816 0.000295205699856
1.55306133236e-06 0.00014879238378 1.89634896482e-05
7.62605070331e-05 0.0116675211788 -0.00215804778446
4.65918399708e-06 0.00044637715134 5.68904689446e-05
2.6589739683e-05 0.00052555241836 0.00110223771775
3.5621811611e-05 0.0110256139971 -0.0487367282776
0.0 0.0 0.0
1.23369630642e-05 0.00172571979833 0.00110074201986
6.5572122225e-06 0.00139267585286 0.00108616540789
1.81912212665e-06 0.000113744143476 0.000165147438786
1.12950799584e-06 0.00012110163534 8.40810317635e-05
4.41554476695e-06 0.000757223362313 0.000437764748341
7.00896864481e-06 0.00107237954709 0.000751201046542
2.79116301978e-06 0.00089628360899 0.000472929776742
3.76753888119e-06 0.000212120035081 -0.000283285861532
1.89489545711e-05 0.00160251034288 0.00020613591184
1.18597473744e-06 0.000117506076488 7.80325830501e-05
1.18597473744e-06 0.000117506076488 7.80325830501e-05
1.18597473744e-06 0.000117506076488 7.80325830501e-05
3.55792421232e-06 0.000352518229465 0.00023409774915
3.87007064897e-06 0.000618449953972 0.000408222019124
1.24157865696e-05 0.00204798996502 0.00123595333653
3.48220336697e-05 0.0040961742903 0.00189153864648
1.56283923858e-05 -0.000146518957825 0.000349203908313
3.90709809646e-06 -3.66297394562e-05 8.73009770781e-05
3.90709809646e-06 -3.66297394562e-05 8.73009770781e-05
1.56283923858e-05 -0.000146518957825 0.000349203908313
1.17212942894e-05 -0.000109889218368 0.000261902931234
3.90709809646e-06 -3.66297394562e-05 8.73009770781e-05
3.90709809646e-06 -3.66297394562e-05 8.73009770781e-05
0.000129409404143 0.00308738136039 0.00510858593622
3.12567847717e-05 -0.000293037915649 0.000698407816625
2.34425885787e-05 -0.000219778436737 0.000523805862469
7.51280500867e-06 0.000917139013202 0.000539712305343
2.77100851331e-05 0.00184262945603 0.000902162680608
6.52444515639e-07 0.000123637176046 8.82098723405e-05
1.95436065353e-06 0.000430938865854 0.000296326662829
1.56348852283e-06 0.000344751092683 0.000237061330263
7.81744261413e-07 0.000172375546341 0.000118530665132
3.90872130707e-07 8.61877731707e-05 5.92653325658e-05
1.26923182799e-06 -4.52367149176e-06 4.5583492374e-05
1.90384774198e-06 -6.78550723764e-06 6.83752385611e-05
2.8981076623e-06 0.000519595677622 0.000519039813557
2.41508971859e-06 0.000432996398018 0.000432533177964
9.9740563779e-05 -0.0303780993921 -0.00329160731343
3.01691539288e-07 9.91870809324e-06 1.04355110657e-05
9.05074617864e-07 2.97561242797e-05 3.13065331971e-05
3.01691539288e-07 9.91870809324e-06 1.04355110657e-05
2.92785920256e-07 8.39629468333e-05 5.28074436327e-05
2.92785920256e-07 8.39629468333e-05 5.28074436327e-05
5.73683133068e-07 0.000122089226779 9.63790117129e-05
2.4938495955e-06 0.000302204175798 0.000184904186974
1.14736626614e-06 0.000244178453558 0.000192758023426
2.43590587874e-06 0.000486423311451 0.000267395969185
9.48495505509e-06 0.00164073037966 0.000987728837323
0.000667887402159 0.031942220065 0.0326111071111
1.55606429216e-06 0.000317747905259 0.000189782371218
1.77001437951e-05 -6.16455647398e-07 0.000503786479317
3.61843069342e-05 0.00293082984349 0.00173533575909
1.23901006566e-05 -4.31518953181e-07 0.000352650535522
4.04012734381e-05 -0.000332137275945 0.00105775385021
0.0 0.0 0.0
0.0 0.0 0.0
3.27706492385e-06 0.000480928417398 0.000335242901769
9.92781782782e-07 0.000181905016793 0.000106542972482
4.96390891391e-07 9.09525083967e-05 5.3271486241e-05
1.48917267417e-06 0.00027285752519 0.000159814458723
1.44015725265e-06 0.000482745235879 0.000283273496068
1.44015725265e-06 0.000482745235879 0.000283273496068
4.80052417551e-07 0.000160915078626 9.44244986893e-05
4.19126133056e-07 0.000148631854085 8.93640294025e-05
8.38252266111e-07 0.00029726370817 0.000178728058805
4.19126133056e-07 0.000148631854085 8.93640294025e-05
1.56947392303e-06 0.000489873470998 0.000332499296966
2.35421088454e-06 0.000734810206496 0.000498748945449
1.02249775898e-06 0.000136080216616 0.000103432170865
5.1124887949e-07 6.80401083079e-05 5.17160854327e-05
5.1124887949e-07 6.80401083079e-05 5.17160854327e-05
1.02249775898e-06 0.000136080216616 0.000103432170865
8.5231679714e-06 0.000259954266833 0.000194084906151
1.56598340079e-05 0.00109154318306 0.000785460808389
5.11390078284e-06 0.0001559725601 0.000116450943691
5.11390078284e-06 0.0001559725601 0.000116450943691
5.61977566545e-05 0.00539221329247 0.00371168044468
0.0 0.0 0.0
0.0 0.0 0.0
0.0 0.0 0.0
1.89933749718e-06 7.39722034096e-05 2.15153423599e-05
1.26622499812e-06 4.93148022731e-05 1.43435615733e-05
1.89933749718e-06 7.39722034096e-05 2.15153423599e-05
1.03647010053e-05 0.00112275593288 0.000952871239562
4.71122772967e-06 0.000510343605853 0.00043312329071
1.88449109187e-06 0.000204137442341 0.000173249316284
6.76535386455e-05 0.00587350244214 0.0041934605734
1.58427809612e-06 0.000192726990076 0.000157780856021
1.19861323059e-05 0.000713233297898 0.000437500624019
1.66300628032e-06 -5.70627020857e-06 4.35776703903e-05
1.66300628032e-06 -5.70627020857e-06 4.35776703903e-05
1.66300628032e-06 -5.70627020857e-06 4.35776703903e-05
6.85438759131e-06 0.000944942742501 0.000570081952905
1.56334538625e-05 0.00289187686589 0.00142891115216
6.81356085899e-05 0.00274053116451 0.00354288782736
3.78531158833e-06 0.000152251731362 0.00019682710152
7.57062317666e-06 0.000304503462724 0.00039365420304
1.51412463533e-05 0.000609006925447 0.000787308406079
2.99176479188e-06 0.000313361019467 5.31111212196e-05
0.000132498397894 0.0151679682377 0.00672364557954
0.000209995482751 0.0238554388924 0.00682297384403
1.99154039911e-06 0.000430628783475 0.000285836779552
2.4317207956e-05 0.00182819088978 0.000590780948018
1.62114719707e-05 0.00121879392652 0.000393853965345
8.02594330991e-05 -0.0010646268428 0.000667968968681
1.62114719707e-05 0.00121879392652 0.000393853965345
6.62853783415e-07 0.0001673774049 9.39617051259e-05
1.32570756683e-06 0.000334754809799 0.000187923410252
1.68833738567e-05 4.04115735733e-05 0.000725383390016
6.95989687456e-06 -0.00073092201773 9.83508856782e-05
7.0743699272e-06 -0.000836450953867 7.66351342639e-05
1.28110958242e-06 0.000208857919434 5.90665950525e-05
2.56221916483e-06 0.000417715838868 0.000118133190105
7.62448832004e-07 0.000314974819243 0.000160063415361
1.22909436375e-06 0.000243141516326 0.000170778542936
3.32328554894e-06 0.00150574641134 0.00072418732749
2.49246416171e-06 0.0011293098085 0.000543140495617
1.65277106799e-05 -0.000371064890851 0.000277151393703
5.87048230131e-07 4.55869164652e-05 2.26438486896e-05
1.29750109545e-06 0.000529054033627 0.000268379689834
4.62221696786e-07 0.00018335110106 9.87042684706e-05
9.73154309508e-06 0.00103574317972 0.000761527950459
2.05688122961e-06 0.000216996196064 0.000162140667941
1.0284406148e-06 0.000108498098032 8.10703339704e-05
5.55531621597e-05 0.00937657343994 0.0053030413236
1.0284406148e-06 0.000108498098032 8.10703339704e-05
7.6508717131e-06 0.000628623039589 0.000623019591961
6.30180351493e-07 0.000274500268492 9.63311112636e-05
5.37057711102e-05 0.00953982955364 0.00475893128436
8.38395434318e-05 0.00908718766071 0.00431706306431
5.16619166348e-06 0.00133347291787 0.000621682769244
5.47865964467e-05 0.00421324340195 -0.00448879284011
1.09983297903e-06 0.000389132746036 0.000140643492293
6.85172274237e-05 0.00784100665895 0.00378412504164
3.86339990465e-05 -7.44566537839e-05 0.00144760545937
1.45943833375e-06 0.000178514565856 0.000143286690624
2.5605759012e-05 0.00262092691777 0.00112336051202
7.3790628167e-06 0.00161817125661 0.00103346080419
3.52589126975e-05 0.00391050007495 0.00154123860535
2.64441845231e-05 0.00293287505621 0.00115592895402
7.1990479588e-05 0.00726069171954 0.00283912708916
0.000323288444888 0.0308093036998 0.0168357021996
3.86861064931e-05 0.0043829714462 0.00182627958181
1.17201831861e-05 0.00139598468958 0.00074019349509
4.8451941471e-05 -0.00789452512601 -6.45764929128e-05
1.16057748581e-05 -0.000109948515269 0.000447588728785
7.73718323871e-06 -7.32990101796e-05 0.000298392485857
3.71357870957e-05 0.00151936759771 0.00188985784486
5.80288742903e-05 -0.000549742576347 0.00223794364392
4.61762851579e-06 0.000419284435062 0.00037425741168
1.61091464124e-05 0.00294056587247 0.00157021311255
3.56831639946e-05 0.000994079106528 0.00134509580626
1.42732655978e-05 0.000397631642611 0.000538038322503
1.78415819973e-05 0.000497039553264 0.000672547903129
6.51455563845e-05 -0.00439438892521 0.00100734567594
3.56831639946e-06 9.94079106528e-05 0.000134509580626
4.45861208752e-07 8.53955866565e-05 5.17976490862e-05
8.91722417504e-07 0.000170791173313 0.000103595298172
0.000133303962798 0.0157064278247 0.00835621768973
9.00822128625e-05 0.0110143717011 -0.00939838175922
6.58395997398e-07 0.000158256251239 8.44701075998e-05
1.3167919948e-06 0.000316512502478 0.0001689402152
1.02846358417e-05 0.00242723699667 0.00131347904386
1.62334104439e-05 0.000996390690721 0.00110762919165
2.95152917162e-06 0.000181161943767 0.000201387125754
2.95152917162e-06 0.000181161943767 0.000201387125754
1.47576458581e-06 9.05809718837e-05 0.000100693562877
3.24576764233e-06 1.36551430088e-05 8.16386069678e-05
6.49153528466e-05 0.000273102860176 0.00163277213936
4.86865146349e-05 0.000204827145132 0.00122457910452
9.73730292699e-06 4.09654290264e-05 0.000244915820903
5.84238175619e-05 0.000245792574158 0.00146949492542
1.03557950862e-05 0.001051897615 0.000805571925011
8.64838304893e-06 0.00225148966327 0.000505698812161
9.70495913599e-07 0.000179897320437 0.000117541583677
6.812505206e-05 0.0025002458951 0.00239263205707
1.00035169863e-05 -0.000864637913598 0.000168324350691
5.28337549788e-06 -0.000467435330533 5.32073365329e-05
1.16518763431e-06 0.000230150237519 9.98877168352e-05
1.56216758431e-05 0.00349759142505 0.00205692666288
0.000549604442375 0.0565898443668 0.0052389506435
4.05795327338e-05 -0.010178158909 -0.000840250729266
1.49809065138e-06 0.000225553584115 0.000117468827142
2.10361098615e-05 0.00206447046079 0.00113899134921
0.00022881452792 0.0232445733469 0.0136292747862
6.30295527205e-06 0.000654748754022 0.000511214711661
7.06977613167e-06 0.000426589154195 0.000418565851358
1.25433890023e-06 0.000104504113826 8.7161588743e-05
6.27169450117e-06 0.00052252056913 0.000435807943715
3.83396955834e-05 0.0029788627076 0.00176936883903
6.08748005146e-06 0.000344848016499 0.000326968710628
3.04374002573e-06 0.000172424008249 0.000163484355314
9.22634688266e-06 0.000554151508216 0.000552800355906
6.14529629596e-06 0.000238143292198 0.000297672250646
1.22905925919e-06 4.76286584396e-05 5.95344501291e-05
1.62173974878e-05 0.00197848632055 0.00148755203511
1.6639250113e-05 0.00143089269125 0.00124669339271
1.83515402298e-05 0.00240874027331 0.00155825829884
1.03497152323e-05 0.000649739932314 0.000603140308481
5.48125634812e-06 0.00105286789198 0.000600941004557
3.49565029681e-06 0.00088325510729 0.000480189640234
2.51988537644e-05 -0.00642882197252 -0.000438596330011
4.58155201901e-05 -0.0178438043901 -0.00277350801982
1.64078687748e-06 0.000446624442385 0.000199260109376
4.1019671937e-07 0.000111656110596 4.98150273441e-05
8.2039343874e-07 0.000223312221192 9.96300546881e-05
4.26899847441e-05 0.00537591405069 0.00344499066648
0.0 0.0 0.0
3.05358911483e-05 0.00560560807863 0.00313339808087
8.38532269608e-06 0.000597806083824 0.000767614640177
2.35149006471e-05 0.00320988004553 0.00193418566893
2.48498531947e-06 0.000905385050687 0.000516150735444
1.24249265973e-06 0.000452692525343 0.000258075367722
6.21246329867e-07 0.000226346262672 0.000129037683861
1.00618565574e-06 0.000259893266105 0.000166829437968
4.64155278122e-06 0.000634983675152 0.000376837800316
3.01855696722e-06 0.000779679798315 0.000500488313903
6.02319556312e-05 0.0104819256533 0.00613304204801
2.70743660233e-05 0.00118909679286 0.00120942567776
9.77249715539e-05 0.00216783037048 0.00307269965647
2.8623970468e-06 0.000243138258364 0.000117214284063
1.4311985234e-05 0.00121569129182 0.000586071420316
1.71743822808e-05 0.00145882955018 0.000703285704379
3.85043022971e-05 0.00360952609995 0.00214321728193
6.52760881592e-06 0.00178318576425 0.00111709931359
6.52760881592e-06 0.00178318576425 0.00111709931359
1.01492163538e-05 0.00109347520217 0.000858203587534
1.41130091208e-05 0.00188947557475 0.00103905286222
4.8955651489e-06 0.0011122126429 0.000656999897627
1.63185504963e-06 0.000370737547634 0.000218999965876
2.2070499447e-06 0.00067484377795 0.000383179862957
4.07963762408e-06 0.000926843869085 0.000547499914689
6.04896065727e-07 0.000125956638268 8.60018826416e-05
6.04896065727e-07 0.000125956638268 8.60018826416e-05
6.04896065727e-07 0.000125956638268 8.60018826416e-05
2.68849984352e-06 0.000180056601889 0.000138578488782
5.37699968704e-06 0.000360113203778 0.000277156977564
1.84272433453e-05 0.00158426467809 0.00107974452084
2.68849984352e-06 0.000180056601889 0.000138578488782
1.33832238225e-05 0.00123581830089 0.000994480590949
8.83755044081e-05 0.010494804704 -0.00123518483926
5.92397931688e-06 0.000877166088425 0.000226207800292
5.22996278479e-06 0.00104071616705 0.000604398988984
1.90990344617e-05 0.00144515790666 0.000443875665108
3.5654016771e-06 0.000632259218358 0.000444463267611
9.47154379135e-06 0.00135222402511 0.000559047669195
2.00940009614e-06 0.000139625991343 0.000145775567246
3.01410014421e-06 0.000209438987015 0.000218663350869
1.94425360157e-05 0.00127322565115 0.000923176491026
7.99299543024e-06 0.0023994749605 0.00136461360348
3.92354712669e-06 0.000579414507778 -2.92438951122e-06
1.96177356335e-06 0.000289707253889 -1.46219475561e-06
2.78159068726e-05 0.00161889399176 0.001253183285
9.80886781674e-07 0.000144853626944 -7.31097377806e-07
7.74758235057e-06 0.000476584808693 0.00051206747991
1.01510976416e-06 0.000468578315801 0.000279239051742
3.04532929247e-06 0.0014057349474 0.000837717155226
1.01510976416e-06 0.000468578315801 0.000279239051742
1.47001477043e-05 -0.00599271881044 -0.000978481037925
0.0 0.0 0.0
0.0 0.0 0.0
8.10573598533e-06 0.00060939696326 0.000196926982673
0.0 0.0 0.0
6.61386623576e-07 0.000282711353492 0.000123535819214
1.32277324715e-06 0.000565422706983 0.000247071638429
4.68159729243e-07 8.87072772535e-05 6.12188360627e-05
7.81446371111e-06 9.18837888862e-05 0.000314343154402
1.40447918773e-06 0.000266121831761 0.000183656508188
2.57295533536e-05 0.00211747412668 0.00109495888835
6.49774521333e-06 0.00159173672384 0.000764584973649
1.23058482779e-06 0.000340867585055 0.000171964419868
1.84587724169e-06 0.000511301377582 0.000257946629802
4.9813506827e-05 0.00657378176163 0.00339722592202
1.35448456103e-05 0.000269876006383 0.000540197854965
4.71006261408e-05 0.00460695424043 0.00294380480864
6.77242280514e-06 0.000134938003191 0.000270098927483
2.25747426838e-06 4.49793343972e-05 9.00329758276e-05
2.25747426838e-06 4.49793343972e-05 9.00329758276e-05
7.96162215465e-06 0.00138196124349 0.000714925297251
5.10513944139e-06 0.000853792913677 0.000298383957011
8.50856573564e-06 0.00142298818946 0.000497306595018
0.0 0.0 0.0
0.0 0.0 0.0
0.0 0.0 0.0
0.0 0.0 0.0
0.0 0.0 0.0
0.0 0.0 0.0
0.0 0.0 0.0
0.0 0.0 0.0
0.0 0.0 0.0
0.0 0.0 0.0
0.0 0.0 0.0
0.0 0.0 0.0
0.0 0.0 0.0
3.48825380868e-06 0.00123893669377 0.000755116006492
2.29617719545e-06 -6.36923862704e-05 0.00014480620858
0.0 0.0 0.0
0.0 0.0 0.0
1.47576458581e-06 9.05809718837e-05 0.000100693562877
3.49560936267e-06 0.00110649939379 0.000584774599004
3.47775903221e-07 0.000101656426635 5.41847150353e-05
1.44056424245e-05 0.00129783906801 0.00102777166544
5.96556189905e-06 0.000526987286489 0.000389973060119
2.98278094952e-06 0.000263493643244 0.00019498653006
5.08283694633e-07 0.000115758860231 6.40139109468e-05
2.54141847316e-06 0.000578794301157 0.000320069554734
1.01656738927e-06 0.000231517720463 0.000128027821894
6.77710102794e-07 6.87464963484e-06 5.98263870673e-05
1.35542020559e-06 1.37492992697e-05 0.000119652774135
2.03313030838e-06 2.06239489045e-05 0.000179479161202
3.38855051397e-06 3.43732481742e-05 0.000299131935337
1.50703806227e-06 0.000110352870808 0.000117704819042
2.70891575756e-05 0.00440222350554 0.00328137178522
5.02346020758e-07 3.67842902694e-05 3.92349396808e-05
7.29722700346e-07 0.000134768431249 8.28784086547e-05
6.40571642693e-07 0.000271138039511 0.000158527526364
2.2203806814e-06 0.000360801905214 0.000293174455908
2.2203806814e-06 0.000360801905214 0.000293174455908
5.55095170351e-06 0.000902004763034 0.00073293613977
2.2203806814e-06 0.000360801905214 0.000293174455908
1.31262849051e-05 0.00239460627214 0.00110496884083
9.84471367883e-06 0.00179595470411 0.000828726630623
3.0847614146e-05 0.00241800273942 0.000852657324162
4.65500890745e-06 0.000321761867266 0.000101466120776
0.00167030092652 -0.212085696872 -0.0293561754764
2.32750445373e-06 0.000160880933633 5.07330603878e-05
2.32750445373e-06 0.000160880933633 5.07330603878e-05
2.32750445373e-06 0.000160880933633 5.07330603878e-05
5.23056452634e-05 0.00655439511792 -0.00709343958566
2.72278883213e-06 0.000927789650178 0.000463570893058
6.80697208033e-07 0.000231947412544 0.000115892723265
2.41834576689e-05 0.00381991773445 0.00206737894682
2.22753109227e-05 0.002573120891 0.00137360061873
0.0 0.0 0.0
0.0 0.0 0.0
0.0 0.0 0.0
0.0 0.0 0.0
0.0 0.0 0.0
0.0 0.0 0.0
9.02159117302e-07 0.000471664877823 0.000284547481337
1.05966342096e-06 0.000170878684811 7.133518329e-05
1.02072320718e-05 0.00143364778567 0.000883644584035
4.23865368383e-06 0.000683514739243 0.00028534073316
1.05966342096e-06 0.000170878684811 7.133518329e-05
9.05079447605e-06 -0.000213179978713 0.000197154313058
9.39410879447e-06 -0.00064797966283 -1.5713657511e-05
6.71007771034e-06 -0.000462842616307 -1.12240410793e-05
2.00682098726e-05 -0.00636299290348 -0.000987460270789
2.43806466938e-05 -0.00107084865822 0.000275310163251
0.000114923786648 0.0128140580217 0.00976042888721
0.000185562802607 0.00604804054024 0.0086054993172
7.94588521669e-05 0.00834236810477 -0.000108484486495
2.8873872297e-05 0.00351018649421 0.00244871764982
4.81523976124e-07 7.17018308433e-05 6.39859801962e-05
9.63047952248e-07 0.000143403661687 0.000127971960392
2.31446746362e-05 0.00293505235162 0.0017502489211
5.25525779361e-05 0.00503096046606 -0.00435215623658
1.01214824702e-06 0.000431465482009 0.000228800819155
4.90459489593e-07 0.000143766459894 6.06510561717e-05
4.90459489593e-07 0.000143766459894 6.06510561717e-05
3.14481318906e-06 0.000540495291885 0.000328597769455
1.57240659453e-06 0.000270247645942 0.000164298884727
6.89592770803e-07 0.000102709781561 5.91148042985e-05
7.72520701528e-06 0.000777138253508 0.0002935465466
6.89592770803e-07 0.000102709781561 5.91148042985e-05
1.58130812919e-06 0.000195042036868 0.00015162606191
1.50954747366e-05 -0.00594395830122 -0.000940574522448
7.90654064596e-07 9.75210184341e-05 7.58130309549e-05
1.18598109689e-06 0.000146281527651 0.000113719546432
3.00222652902e-07 0.000132630064151 8.16614014929e-05
1.18154855739e-05 0.00308977489137 0.00177063521165
0.00031771132012 0.0173508163072 -0.00913478772542
0.000278604747023 0.0225613674731 0.00703864259208
9.52358175882e-05 0.00984181275362 -0.00151847540646
8.66921938896e-06 0.0016547669185 0.000671470617958
5.65063467843e-06 0.000976094741379 0.000438009261682
2.46517933151e-05 0.00374497659179 0.00180280586559
2.22679188929e-05 0.00313139294861 0.00150558787696
9.42423255487e-06 0.00177019901555 0.00069234381709
6.36086878412e-07 0.000100504637952 6.98653912915e-05
3.18043439206e-07 5.02523189758e-05 3.49326956457e-05
8.48622380519e-07 0.000190270639208 0.0001262150065
1.15403526991e-05 0.00200641700055 0.00135206310712
3.39448952207e-06 0.000761082556833 0.000504860025998
1.69724476104e-06 0.000380541278417 0.000252430012999
8.48622380519e-07 0.000190270639208 0.0001262150065
0.0 0.0 0.0
0.0 0.0 0.0
6.43526562497e-06 0.000905127798083 0.000471475568979
2.09137875826e-05 0.00214374290996 -0.00311387570821
2.28207779978e-05 -0.000303690937116 0.000882156066273
0.0 0.0 0.0
3.92956773482e-06 0.00109997930313 0.000583735408686
1.96478386741e-06 0.000549989651566 0.000291867704343
9.82391933704e-07 0.000274994825783 0.000145933852171
9.82391933704e-07 0.000274994825783 0.000145933852171
2.94717580111e-06 0.000824984477349 0.000437801556514
1.869779863e-05 0.00182293334014 0.00111740968818
6.88114347121e-07 6.3329246027e-05 -2.41458608977e-05
3.22147548502e-05 0.0018021876072 0.000492853208543
0.00104038413565 0.0928307554637 -0.0615691023163
7.89167629443e-06 0.000576303282289 6.88589654202e-05
6.90190582815e-06 0.000797971528796 0.000164377303156
7.25888775509e-05 0.00260356568516 0.0039680651728
5.37695389266e-06 0.000192856717419 0.000293930753541
1.39967201584e-05 0.000480239703478 0.000749352773982
4.03271541949e-05 0.00144642538064 0.00220448065156
2.01975122011e-05 0.00246233472125 0.00112290902231
1.86117225963e-05 0.00229943421699 0.000986934990842
8.97667208938e-06 0.00109437098722 0.000499070676584
0.000117601181635 -0.0479417504835 -0.0078278483034
0.000308703101791 -0.125847095019 -0.0205481017964
0.000329542713791 -0.131324356678 -0.021432234307
4.29069450385e-06 0.00101218611881 0.000753736944434
1.65622100596e-05 0.00158989613531 0.000458718976801
8.78346766324e-07 0.000131254963498 4.84425503892e-05
1.75669353265e-06 0.000262509926995 9.68851007785e-05
1.27426177044e-05 0.00122888104558 0.000761734550935
4.67229315828e-05 0.00450589716714 0.00279302668676
8.49507846959e-06 0.00081925403039 0.000507823033957
1.19490687046e-06 0.00013538767754 1.71863137442e-05
1.19490687046e-06 0.00013538767754 1.71863137442e-05
1.19490687046e-06 0.00013538767754 1.71863137442e-05
1.19490687046e-06 0.00013538767754 1.71863137442e-05
8.36434809324e-06 0.000947713742779 0.000120304196209
0.000783950650979 0.054138939662 -0.00780859620217
1.19490687046e-06 0.00013538767754 1.71863137442e-05
0.000456290048879 0.0325899401648 0.0231060212224
2.69738217917e-05 -0.0144386616574 -0.00246942011965
1.40153040593e-05 -0.00804305137425 -0.00139832699207
2.52275473068e-05 -0.0144774924737 -0.00251698858572
2.5770609266e-06 0.000370346897138 0.00022579476654
9.03158371259e-06 0.00104927943678 0.000714427077888
2.06164874128e-05 0.0029627751771 0.00180635813232
5.15412185319e-06 0.000740693794275 0.00045158953308
5.47070496512e-06 0.000785927665784 0.000532483223209
9.80020144679e-06 0.00316115289183 0.00166741809127
1.40002877811e-06 0.000451593270261 0.000238202584466
0.000196655257448 0.0262434828085 0.00867446592148
1.12954109125e-07 3.59388605926e-05 2.5561132245e-05
1.12954109125e-07 3.59388605926e-05 2.5561132245e-05
1.2605973669e-05 0.00140446238132 0.00063067264329
1.36224569212e-05 0.00138460433569 0.0010845565974
4.94621152844e-06 0.000574481793838 0.000442531242304
2.96366125479e-05 -0.0121823435959 -0.00199476114009
2.96366125479e-05 -0.0121823435959 -0.00199476114009
1.12893077992e-05 0.00102833073022 -0.000147020807457
2.52210609107e-06 0.000275817414754 5.02982961674e-06
1.69339616988e-05 0.00154249609533 -0.000220531211185
1.85643037426e-05 0.00164395736236 -0.000179308866863
1.48012011429e-05 0.00130118045229 -0.000130301931044
6.77724538086e-07 0.000155321222946 0.00012851422447
1.92090193337e-05 0.000427138978993 0.000523253126775
3.49254896977e-06 7.76616325442e-05 9.51369321409e-05
1.54910179809e-05 0.00345725082753 0.00199830706196
2.78630208309e-05 0.00237738736322 0.00179590443527
1.32643917854e-05 0.0023809816496 0.00157529593897
2.20703446822e-06 0.000516494795605 0.000286198471437
6.66716026408e-06 0.00154149305645 0.000895745549746
2.40763857101e-07 4.57106155988e-05 2.58789642139e-05
2.40763857101e-07 4.57106155988e-05 2.58789642139e-05
2.40763857101e-07 4.57106155988e-05 2.58789642139e-05
2.40763857101e-07 4.57106155988e-05 2.58789642139e-05
2.40763857101e-07 4.57106155988e-05 2.58789642139e-05
1.68534075654e-06 0.000235421128026 9.43074938783e-05
8.47548141401e-05 0.0117991911679 0.00713628485669
1.17413980198e-06 0.000111449025436 0.00011397594394
1.27202558437e-05 -0.00071939082338 0.000323395199448
5.13924175022e-06 -0.000161937074628 0.000103762099826
1.53078479697e-06 -4.24615908469e-05 9.65374723867e-05
5.30828007808e-05 0.00386559050882 0.00349539751797
7.65392398483e-07 -2.12307954235e-05 4.82687361933e-05
1.53078479697e-06 -4.24615908469e-05 9.65374723867e-05
1.45203312604e-05 0.0018896137565 0.00154644294444
8.71219875623e-06 0.0011337682539 0.000927865766665
8.71219875623e-06 0.0011337682539 0.000927865766665
1.45203312604e-05 0.0018896137565 0.00154644294444
0.0 0.0 0.0
3.28157122628e-06 0.000598651568036 0.000276242210208
2.26791174067e-06 0.00012221703315 6.47820748931e-05
4.64294791746e-05 0.00656125793364 0.00439818470953
3.71435010656e-05 -0.0117527505791 -0.0014540240041
5.2016037312e-06 -0.000247045018549 0.000148171113068
2.6008018656e-06 -0.000123522509274 7.40855565341e-05
1.3004009328e-06 -6.17612546372e-05 3.70427782671e-05
4.88358696178e-06 -0.000292182786425 0.000131943071458
6.97174080986e-06 0.000785656188111 0.000299694099139
5.52710873468e-06 0.00028831369917 0.000152978594902
1.95879233522e-06 0.000188905788517 1.84690142763e-05
3.02590058409e-06 0.000344003239167 0.000247283035221
7.56475146023e-07 8.60008097919e-05 6.18207588052e-05
1.51295029205e-06 0.000172001619584 0.00012364151761
7.56475146023e-07 8.60008097919e-05 6.18207588052e-05
8.14135237401e-06 0.000668668791046 0.000588561277485
4.07067618701e-06 0.000334334395523 0.000294280638742
4.07067618701e-06 0.000334334395523 0.000294280638742
2.18054247225e-05 0.00207217786869 0.00162449456666
5.48555017245e-06 0.00016704420475 0.000309607665595
2.0353380935e-05 0.00167167197762 0.00147140319371
8.46079793506e-05 0.012596810323 0.0077785610427
4.07067618701e-06 0.000334334395523 0.000294280638742
7.17823091796e-06 -8.94994295557e-05 0.000183930279503
7.54057178972e-05 -0.00147846338682 0.00170711541576
4.4493459414e-05 -0.00340402334815 0.000697789240653
3.58911545898e-06 -4.47497147779e-05 9.19651397517e-05
1.93624551934e-05 0.00108559713913 0.00139028160535
2.3943256104e-06 -0.000157487018419 7.05322831643e-05
1.12120214751e-05 0.000785897064412 0.000691390337428
0.000411452390708 -0.156272458485 -0.0245877617957
6.80906079049e-05 0.0133807855955 0.00953362690237
7.38342249108e-06 0.00106987141848 0.000758494875573
6.00799481514e-05 0.0118065755254 0.00841202373739
4.00532987676e-06 0.000787105035027 0.000560801582493
2.00266493838e-05 0.00393552517513 0.00280400791246
4.82277530641e-06 0.00113587839151 0.000728169810116
8.35283125168e-07 0.000252905495303 0.000151194313723
1.89340656704e-05 0.00167322974941 0.000807624375329
1.51472525363e-05 0.00133858379953 0.000646099500263
1.51472525363e-05 0.00133858379953 0.000646099500263
6.26555492139e-05 0.000700593864782 0.0025622479623
2.44031646311e-06 0.000267471693308 0.000193276236566
7.32094938932e-06 0.000802415079924 0.000579828709699
0.000156738031193 0.0134587009891 0.0022891588054
2.68434810942e-05 0.00294218862639 0.00212603860223
4.16735946207e-06 0.000700154658014 0.00041159469989
4.16735946207e-06 0.000700154658014 0.00041159469989
1.10455037147e-05 0.000614623892393 0.000603500182167
2.22930022414e-06 0.000367672029343 0.000130335128166
7.43100074712e-07 0.000122557343114 4.3445042722e-05
2.77622618925e-06 0.000425043333083 0.000349613806628
2.77622618925e-06 0.000425043333083 0.000349613806628
2.69657944493e-05 0.00501657210404 0.00334232762615
2.77622618925e-06 0.000425043333083 0.000349613806628
2.77622618925e-06 0.000425043333083 0.000349613806628
9.53547926225e-06 -0.000137128634917 0.000371397363447
7.2818649247e-05 -0.00305245159059 0.00116741673061
5.03081069158e-06 0.000484513275601 0.00042829919004
4.53291870807e-07 6.31273275699e-05 5.83332321281e-07
4.53291870807e-07 6.31273275699e-05 5.83332321281e-07
2.97840907696e-06 0.000254419177036 0.000181127046484
1.70188030745e-05 0.00304094114011 0.00168475866649
1.98560605131e-06 0.000169612784691 0.000120751364323
6.67147352753e-05 -0.0255176171918 -0.00401564051153
1.27294162292e-05 0.000980813198516 0.000316773767773
1.56056393773e-06 0.000322852160603 0.000192651799717
7.80281968867e-07 0.000161426080302 9.63258998587e-05
1.32573131907e-06 0.000446975689006 0.000344324276254
1.00320534999e-05 0.00258856908135 -0.00299982787975
1.37787476933e-05 0.00286421101162 0.0012247470903
7.54981872242e-07 7.5095034322e-05 5.34810788363e-05
3.01992748897e-06 0.000300380137288 0.000213924315345
5.28487310569e-06 0.000525665240254 0.000374367551854
1.66753798513e-06 0.000356922581774 4.925051388e-05
1.97670215665e-06 0.000707512699924 0.000451403269686
5.68654936402e-05 -0.000180579905335 0.00172865475786
4.81842548994e-06 0.00190903357507 -0.00838819247594
1.20460637249e-05 0.00477258393768 -0.0209704811899
3.19351384228e-05 0.00315156101387 0.00202687515927
2.39513538171e-05 0.0023636707604 0.00152015636945
1.91277110948e-06 0.00048781990711 0.000290190742067
1.27518073965e-06 0.000325213271406 0.000193460494711
8.56063428062e-06 0.000884570637707 0.000505177790729
1.38574077088e-05 0.000269919059281 0.000523895579466
7.91851869075e-06 0.000154239462446 0.000299368902552
2.40538543816e-05 0.000728872564069 0.000952307557144
1.76263732323e-06 8.82834001013e-05 9.68333822593e-05
8.81318661617e-07 4.41417000507e-05 4.84166911296e-05
0.0 0.0 0.0
3.99484099535e-06 0.00035260142715 0.00032878649849
3.99484099535e-06 0.00035260142715 0.00032878649849
2.28306419627e-05 0.00201854087969 0.00183495706663
3.40460133917e-05 0.00549667700173 0.00372903935235
4.71717503618e-06 0.00039612265115 0.000349282590276
1.39167071512e-05 0.0011025339433 0.00108147651059
6.50954652052e-06 0.000787803603962 0.000590477899202
0.0 0.0 0.0
0.0 0.0 0.0
7.10700708283e-06 0.000912963087831 0.000587752006188
0.0 0.0 0.0
0.0 0.0 0.0
9.09544121134e-05 -0.0175187659903 -0.000935920467987
6.59427923849e-06 0.000353356620649 0.00041275832843
3.19831145093e-06 -0.000257340880087 2.81938167732e-05
4.04777875313e-05 0.00305295036124 0.000500143677966
1.49005077962e-05 0.0010988973818 0.000171261988216
9.93367186414e-06 0.000732598254532 0.000114174658811
7.70295926995e-06 0.00115775240215 0.000761000864942
1.23802618147e-06 0.00031694170479 -8.52461994819e-05
3.58318602898e-06 -0.000230421531788 9.49002931912e-05
3.58318602898e-06 -0.000230421531788 9.49002931912e-05
3.58318602898e-06 -0.000230421531788 9.49002931912e-05
1.16818974603e-05 0.00330181259665 0.00190681569199
1.16818974603e-06 0.000330181259665 0.000190681569199
2.33637949206e-06 0.00066036251933 0.000381363138398
1.71362467672e-06 0.000209056145076 0.000159597391805
3.99788084242e-07 6.5566392982e-05 3.62072717025e-05
9.588386918e-05 0.00373160706234 0.00507241369266
4.97151185162e-06 0.00106987390083 0.000446249930363
1.83588980831e-05 0.000758286879259 0.000811967563949
1.11985458497e-05 7.88984571921e-05 0.000434116891011
6.46452789896e-05 -0.0313601355733 -0.00514289512179
1.52992237263e-05 0.00302706792819 0.00167979952682
2.4656163023e-06 -8.50882739932e-05 4.91010796174e-05
4.10936050384e-06 -0.000141813789989 8.18351326956e-05
0.000168333876575 0.0128683853636 -0.0022463453333
4.93279147626e-05 0.00854963393228 -3.69824925579e-05
1.52857217555e-05 -0.00208959499996 0.000283738455463
6.57612308283e-05 -0.00823076814032 -0.000221763114885
0.0 0.0 0.0
1.54653349664e-05 0.00127317690519 0.00103268232331
1.91422546511e-06 0.000160540135714 0.000129320211145
0.0 0.0 0.0
1.88003469752e-05 0.00165208358901 0.00083945966165
0.0 0.0 0.0
1.91271792828e-06 0.000157155759897 0.00015575489799
2.27388753596e-06 7.2620813643e-05 0.000163031444774
7.57962511986e-07 2.4206937881e-05 5.43438149248e-05
7.57962511986e-07 2.4206937881e-05 5.43438149248e-05
1.68389657818e-05 0.00363972932573 0.00179501578864
3.27266396199e-06 0.000867783219753 0.000464583904173
1.09088798733e-06 0.000289261073251 0.000154861301391
3.27266396199e-06 0.000867783219753 0.000464583904173
9.7136437126e-06 0.000466621414717 0.000486495322934
7.61825421897e-05 0.00936280137223 0.00239717851727
3.56977607339e-06 0.000110000951334 0.000166920599606
5.35466411008e-06 0.000165001427002 0.000250380899408
2.22040488119e-06 0.000366870346634 0.000329711559734
1.48026992079e-06 0.00024458023109 0.000219807706489
1.99305496726e-06 0.000537287998898 0.000372054094262
3.78689398183e-06 0.000771732766164 0.000525864328921
0.000161561271425 0.00190739338078 0.0046217594457
5.5401750926e-05 -0.00253189787317 0.0005634650245
4.85784135575e-05 0.00410621712579 -0.00504500004975
1.4341920714e-06 0.000111635862674 5.65236807907e-05
3.08980479794e-06 0.000511664926862 0.000314917508998
1.94932288816e-05 0.000915561906479 -0.00365807146573
2.56280823801e-05 0.0036352226082 0.000848545888095
5.90024317527e-06 0.00105443851141 -0.000774258091557
3.1512064071e-05 0.00388977132679 -0.00134577862792
4.59394000897e-06 0.000862287327445 0.000657897872121
6.1232283174e-07 0.000188202750399 0.000130213564331
3.0616141587e-07 9.41013751993e-05 6.51067821653e-05
6.1232283174e-07 0.000188202750399 0.000130213564331
2.6188379624e-05 0.00462644992038 0.00283256628337
1.63182503901e-06 0.000159295192796 0.000147262980648
2.1163765034e-06 0.000416812857582 0.000108296094409
5.1988338286e-06 0.00105507035336 0.000323458691832
3.46588921906e-06 0.00070338023557 0.000215639127888
9.44932308855e-06 0.000536030581391 0.000100906233857
7.08919106244e-07 0.000111071136471 5.95681663513e-05
1.08002249127e-05 0.00153696010888 0.000954585654999
2.12675731873e-06 0.000333213409413 0.000178704499054
1.06634289192e-05 0.000894068387427 0.000674650185828
1.63184876665e-06 0.000195775314313 5.02378414345e-05
2.31184566522e-05 -0.00831745721613 -0.00088673251082
5.43949588883e-07 6.52584381043e-05 1.67459471448e-05
8.5555435239e-05 0.00806050358652 0.00419753961388
1.05818647648e-05 0.00155367296058 0.00126563638609
3.56993829446e-05 0.00819003630077 0.00577142498553
4.60137493525e-06 0.000807450906484 0.000355493339453
0.000245436870846 0.014906531816 0.0126240093381
4.56705966164e-06 0.000529388354858 0.000291479428675
4.49429445133e-06 0.000745111792631 0.000430559255377
1.35020886869e-05 0.0012758958751 0.0009354658216
8.76564100607e-06 0.00138057088777 0.000738037273912
6.48875185144e-06 0.000623086051754 0.00058609888171
5.91529775032e-07 0.000211936299654 6.83049237399e-05
0.000528842789352 -0.132297256831 -0.0149647658969
0.0 0.0 0.0
2.77087681594e-05 0.00493750982708 0.00173472377019
1.03617600393e-05 0.00165973036334 0.000836122926134
1.12450090027e-05 0.00384503744883 0.00206651592535
8.79841586581e-07 0.000168675406192 7.76135979663e-05
2.31550969862e-06 0.000363339199991 0.000110737171131
1.27189850089e-05 0.00231412621531 0.00119413800561
1.15775484931e-06 0.000181669599996 5.53685855654e-05
1.15775484931e-06 0.000181669599996 5.53685855654e-05
1.16222139295e-06 0.000228982546458 0.000148675463764
5.81110696473e-07 0.000114491273229 7.43377318819e-05
1.74333208942e-06 0.000343473819687 0.000223013195646
1.74333208942e-06 0.000343473819687 0.000223013195646
0.0 0.0 0.0
5.91530602463e-07 0.000185265972688 8.77494410837e-05
5.91530602463e-07 0.000185265972688 8.77494410837e-05
0.0 0.0 0.0
0.0 0.0 0.0
9.93587009857e-05 0.0153306785003 0.00603555893762
0.0 0.0 0.0
2.57558818e-05 0.00378895451623 0.00250787260557
1.86666534516e-06 0.00022484084203 0.000156186020541
1.03573120646e-05 0.0011960238418 0.000921986768714
7.46666138064e-06 0.000899363368121 0.000624744082163
1.86666534516e-05 0.0022484084203 0.00156186020541
0.0 0.0 0.0
4.74369137803e-05 0.00608626109937 0.00455592353838
0.0 0.0 0.0
0.0 0.0 0.0
0.0 0.0 0.0
0.0 0.0 0.0
0.0 0.0 0.0
0.0 0.0 0.0
0.0 0.0 0.0
0.0 0.0 0.0
0.0 0.0 0.0
0.0 0.0 0.0
0.0 0.0 0.0
0.0 0.0 0.0
0.0 0.0 0.0
0.0 0.0 0.0
0.0 0.0 0.0
0.0 0.0 0.0
0.0 0.0 0.0
0.0 0.0 0.0
0.0 0.0 0.0
0.0 0.0 0.0
0.0 0.0 0.0
0.0 0.0 0.0
1.3004009328e-06 -6.17612546372e-05 3.70427782671e-05
0.0 0.0 0.0
2.40763857101e-07 4.57106155988e-05 2.58789642139e-05
0.0 0.0 0.0
1.42468237731e-05 0.0017037920993 0.00126010734403
4.00532987676e-06 0.000787105035027 0.000560801582493
0.0 0.0 0.0
0.0 0.0 0.0
0.0 0.0 0.0
6.89448989041e-06 0.000831798133102 0.000314057697077
0.0 0.0 0.0
4.09151664195e-06 8.08717932359e-05 0.000184162613479
1.77049459496e-05 -0.000205598557532 0.000376518311328
0.0 0.0 0.0
1.0228179637e-05 0.00142347674498 0.000673339788888
0.0 0.0 0.0
0.0 0.0 0.0
0.000459273458102 0.0544019915444 -0.0432451752553
0.0 0.0 0.0
0.0 0.0 0.0
0.0 0.0 0.0
0.0 0.0 0.0
0.0 0.0 0.0
0.0 0.0 0.0
0.0 0.0 0.0
0.0 0.0 0.0
0.0 0.0 0.0
0.0 0.0 0.0
0.0 0.0 0.0
4.03351655193e-06 0.000478298529825 0.00025820944297
0.0 0.0 0.0
1.89044588277e-06 0.000330340011931 0.000183070269344
0.0 0.0 0.0
2.45552767243e-05 0.00327846911697 0.00265668045381
1.08108004395e-05 0.00191626813635 0.00137143334364
1.24249265973e-06 0.000452692525343 0.000258075367722
3.55885836103e-05 0.0026783697763 0.00217226052575
0.0 0.0 0.0
0.0 0.0 0.0
0.0 0.0 0.0
0.0 0.0 0.0
1.62445028198e-05 0.00146964090135 0.000643677742544
0.000339964996481 -0.0972001734532 -0.0135848032853
0.0 0.0 0.0
1.47001477043e-05 -0.00599271881044 -0.000978481037925
1.15581823362e-05 0.00106118407113 0.000482566270197
0.0 0.0 0.0
0.0 0.0 0.0
0.0 0.0 0.0
0.0 0.0 0.0
0.0 0.0 0.0
0.000390915987549 -0.11082514201 -0.0139433772433
2.94266879494e-06 5.78942656692e-05 -5.49519105068e-05
0.0 0.0 0.0
7.08919106244e-07 0.000111071136471 5.95681663513e-05
0.0 0.0 0.0
0.0 0.0 0.0
0.0 0.0 0.0
0.0 0.0 0.0
0.0 0.0 0.0
2.13123279661e-06 0.000482112466818 0.000280742588879
0.0 0.0 0.0
0.0 0.0 0.0
0.0 0.0 0.0
2.80306081187e-06 -0.00160861027485 -0.000279665398414
2.80306081187e-06 -0.00160861027485 -0.000279665398414
2.80306081187e-06 -0.00160861027485 -0.000279665398414
2.80306081187e-06 -0.00160861027485 -0.000279665398414
0.0 0.0 0.0
0.0 0.0 0.0
4.57994720712e-05 0.0141757894248 -0.0626615077855
0.0 0.0 0.0
0.0 0.0 0.0
0.000306418191322 0.02403831852 -0.0023368287081
0.000421857740148 0.0495697276253 -0.0208538674881
2.78961421447e-06 0.000292412832239 0.000129596300224
0.0 0.0 0.0
0.0 0.0 0.0
0.0 0.0 0.0
0.0 0.0 0.0
6.80815897507e-05 0.00759487254009 0.00349917887642
0.00148933802849 0.0946941948207 0.0226732319722
0.0 0.0 0.0
0.0 0.0 0.0
0.0 0.0 0.0
0.0 0.0 0.0
0.0 0.0 0.0
0.0 0.0 0.0
0.0 0.0 0.0
0.0 0.0 0.0
2.00709293862e-05 0.00234603954602 0.001773056575
0.0 0.0 0.0
0.0 0.0 0.0
2.68114149806e-05 0.00588397674407 -0.00449201800441
0.0 0.0 0.0
2.12321513454e-05 0.00237770221612 0.000888998801033
0.0 0.0 0.0
9.21157593292e-06 2.50801432078e-05 0.000526630961948
0.0 0.0 0.0
0.0 0.0 0.0
0.0 0.0 0.0
0.0 0.0 0.0
0.0 0.0 0.0
0.000130963958596 0.0191603689737 0.00942424204625
0.0 0.0 0.0
0.0 0.0 0.0
0.0 0.0 0.0
1.86666534516e-06 0.00022484084203 0.000156186020541
5.59999603548e-06 0.000674522526091 0.000468558061622
0.0 0.0 0.0
8.79841586581e-07 0.000168675406192 7.76135979663e-05
0.0 0.0 0.0
0.0 0.0 0.0
2.04455453654e-05 0.00205903442708 0.0010884107298
0.0 0.0 0.0
0.0 0.0 0.0
3.43907212631e-06 -4.27653828104e-05 9.59527411383e-05
0.0 0.0 0.0
0.0 0.0 0.0
0.0 0.0 0.0
3.79137141207e-06 0.00058965266192 0.000477151731667
0.0 0.0 0.0
0.0 0.0 0.0
0.0 0.0 0.0
8.58726651589e-06 0.00114782787771 0.000627058604771
0.0 0.0 0.0
0.0 0.0 0.0
0.0 0.0 0.0
0.0 0.0 0.0
0.0 0.0 0.0
0.0 0.0 0.0
1.79785861771e-05 0.00262560807556 0.000719593770128
9.67664999702e-06 0.00127284938598 0.000315239666811
9.14152670984e-06 -0.000663698102848 0.000138670306648
0.0 0.0 0.0
0.0 0.0 0.0
9.38379912315e-06 0.000778712235266 0.000576264327021
3.19669962075e-05 -0.000742918781773 0.000815897453801
1.74627448488e-06 3.88308162721e-05 4.75684660705e-05
0.0 0.0 0.0
0.0 0.0 0.0
9.07623189893e-06 0.000789294283696 0.00031446856635
1.98855711028e-05 0.000314971362402 0.000949623182967
0.0 0.0 0.0
0.0 0.0 0.0
2.15860774085e-05 0.00331557407823 0.00211872936562
0.0 0.0 0.0
0.0 0.0 0.0
0.0 0.0 0.0
0.0 0.0 0.0
0.000209875110624 0.0285310489462 -0.0345039340028
5.82280193166e-06 0.000150492337743 0.000229595773888
0.0 0.0 0.0
0.0 0.0 0.0
0.0 0.0 0.0
2.11789643952e-06 0.000528554228268 0.000254164158917
0.0 0.0 0.0
0.0 0.0 0.0
